[latest_run]
timestep = 3583
episode = 407
epsilon = 0.6488659999998477
max_q = 318.50247

